6140887669
1308075085
1459165891
1174487242
561748340
5093591328
5783839632
1099830353
673586163
6322571304
2032356908
6013500827
1256020900
2050530425
2026811886
6067757366
5638184535
6101675785
5550346669
5790776777
1038993522
1463455323
792306686
1920898395
1920898395
5919083168
5585342630
1473549446
5220739934
1903443090
882973763
6560847875
5849259268
1473409361
1473409361
1473409361
1473409361
969158943
5933222243
6369977066
963514564
6556336635
1410994968
6086934515
5781573033
1826204528
1553223231
6247442906
5778153887
6193663386
6193663386
1914235083
1914235083
5177030188
5527085889
5543605611
5177030188
5143501392
168125809
1461835918
879488362
2092637431
1946685788
1946685788
2129134805
2129134805
6557959858
6557959858
5962841183
6484930602
6306046950
6608261092
5996672511
1586448760
1461835918
5050338361
1174006613
5139432327
979414386
5233263742
5347530299
5938620851
5080337500
161151536
161151536
6620387397
6620387397
1291104637
1285930835
1285930835
651991701
777327105
1353563513
1169819383
1169819383
5708508277
1864098124
6001337662
1601529923
1789980327
5158052737
6505288432
2062726234
5039546016
5854814802
6515836720
6147248085
1197451718
6372348360
1944162444
1912945858
1912945858
5833898236
1420878983
1711615190
5496606982
5837486957
6373554274
6373554274
5616834581
6361079975
2125218522
6625834747
5386310588
5917015594
1138962291
1138962291
5920233864
6326809888
817659778
6329971278
6012607392
1578464065
309454096
5290081703
961814429
1169863796
1209519218
6095810008
2138267114
5285729762
5421914651
1437087471
625698438
6431242620
1065315121
5230568968
5230568968
1924795692
1138365066
987192674
6625868944
5172372544
6598976741
5017809603
1115492521
1930716743
563914695
938357417
5127972016
5688578980
2083680883
1980580466
1649789594
1386496516
6393628584
6282095197
5467412394
6325249002
772760452
6019860239
5226777012
6340343852
6003811274
1683751113
5731230062
5933151882
1654355360
5822889987
5822889987
6080239953
2032579008
5896625518
6002563124
405434062
5903597605
942842481
6264984550
1236178853
5775827300
1787168304
795510484
995597783
5804425626
1136598987
6142175123
1401390935
1223276468
1115892130
1115892130
1223276468
5283401054
1938592261
1752468512
5265243396
5593214737
5265243396
1459742214
5183034777
6405753189
847431289
1851226982
631516376
5618174972
5439216541
519153667
5975465675
6634257886
2139227358
1313270891
5234769708
1417703419
1850805508
2022818124
5916403264
6033895431
5916403264
5916403264
6274620511
6618496681
6600628574
6646670037
6600628574
6600628574
6382993428
6382993428
5306603127
6247897593
6382993428
6382993428
1264934786
807870219
1979220286
1114378797
492278667
823576681
5498979282
5498979282
1156927864
6199558087
1468632737
1468632737
1124483779
1156927864
1403430850
1403430850
6199558087
1067664213
6175519250
1658914201
6175519250
6175519250
6321624124
6538306498
6538306498
6538306498
6538306498
5427306666
6395702102
6142400310
5711575867
5711575867
1658630550
1359623342
1359623342
5705857616
6474010224
707425993
784309156
798937464
6500893804
5947367135
5947367135
5772873126
219112439
1013305353
411438900
6205482102
6463584062
6463584062
6011944380
382072938
5380866801
6621064010
5457959533
5181761248
5181761248
5009154471
5009154471
1074115660
5721141810
5721141810
1185370008
6459830656
6039895499
775430647
1764904918
527008223
831541500
1491983468
6461555290
878830367
1408216347
2134924820
2134924820
2102757802
5156039909
6480174665
6441505375
6488387373
6314132263
5259514502
207825888
632730857
6069394426
792234768
792234768
2011834228
2011834228
950622661
1861174691
1270641090
5236544826
6284611769
818453851
6249991806
6406692146
6682862702
6648169649
1819864590
1988805908
1326434294
5843256217
1022567049
6542650205
5235748279
1893797032
5714565617
2086959985
124019316
400997833
6374931603
5650861805
1160591884
5235748279
804949356
804949356
1988683617
5871160200
6575040465
5305580502
1732142389
1688501008
1483430045
5327363900
6363034876
682180220
5914651170
5600475902
645211683
6034422366
5464996706
1215020266
5587888619
6028836080
1431835214
5385177915
5385177915
5376790793
5235165278
5235165278
1499347166
1520923498
5914938959
1008285609
917693693
6418550774
745328372
745328372
1400915728
831197849
951548092
6498126151
6066830851
6014822644
1220116013
113050542
5016552402
6166214285
1367984227
1431396957
1699582926
1699582926
6582223502
5713724525
5342753843
5342753843
1120753173
5513674506
5513674506
5513674506
5513674506
6656797188
1329302776
1769962707
6684847509
6489526044
5708979427
5509394794
1427632908
5869795548
5869795548
210250312
1769962707
896777395
1624397120
200630466
1232490162
1007840270
2091273264
5304881785
5304881785
5304881785
5304881785
476478753
5818293455
1280259586
6470843220
6089135766
6077839276
6539048599
1614092346
1667840611
580633378
51702953
1717347491
1338551340
5102615349
6330255117
5757160445
328977629
5149760114
1373596605
1197876970
5696395448
5330876660
2042229471
904346564
1960142570
1134675014
1750537109
1592784125
5853817287
1118446690
652228502
1223285029
1223285029
963068307
709794099
6157163499
5441230512
5441230512
1141491635
5147137895
6624182664
5611004668
5611004668
6632228518
940707642
940707642
6453323610
5602201091
5602201091
5398768419
1907258030
1824484077
6256802238
6383869331
970159712
970159712
6117659803
941338428
941338428
6628183111
6628183111
5178877739
5178877739
6519747232
5049590026
5341651527
1235606208
1879484742
954064992
1872960935
833512775
787962260
6372836213
842929836
6065467769
6160419669
320445270
1461644943
6520863460
6520863460
5447769209
1170123301
6452147851
1338665149
2032323427
5377868741
5645186969
1500359772
5550902153
5171909676
6543039527
5590201566
6364911925
5510839408
1299741122
6555738822
6049078565
5221237973
5181569694
1958968327
6231748420
6627902462
1362967248
5245164852
955335034
126958331
6387958834
6514444321
5934811051
5319567686
729467150
6290154734
1409092989
6376721767
1165683762
1165683762
1361527640
1361527640
5649765484
1115898034
1445742247
1445742247
1445742247
1445742247
6584230115
2077481374
5551430533
2010731367
6600071562
6658713415
816666804
6323500917
1381636088
5242734047
6454557401
6454557401
1934512850
1412190447
5782961
5881312448
6042612164
6143022687
609062562
609062562
976328876
976328876
1696072971
6259432329
1295116951
6617772979
6617772979
6312766297
1347700669
5697328429
5697328429
1503511518
6466192589
6466192589
6377759033
6377759033
5733952472
827468482
5039596456
5468134437
1860967083
6209696802
5624379609
1171491933
803167147
671358901
6076107501
1882969459
374084541
6099048919
1466078488
904603348
1660098471
932710466
5816076389
6074759455
5413627057
5437512626
5437512626
5437512626
5437512626
5053130059
5158169648
1703825690
5087963938
1174164910
6220461980
5158166660
6382603358
5865386161
5830126958
5830126958
6430421045
6430421045
6232025509
6381157232
6045933808
2112602291
1061433660
937798985
6693187381
6570713983
714035099
6026817537
6163531026
1221353387
5272226995
6085940802
190859522
6380362149
1183344486
5562394761
5130533376
621868464
5531033422
6198719067
1760129002
6155053966
6393069241
6492112349
835435021
5249794043
6194552535
5484305883
1281353194
5671231794
5810778239
979312607
5818273340
6270588708
6576248244
6294512113
6294512113
1175690427
866227733
6392244141
1014147456
1061458225
1487090639
500399859
6230251424
1949254355
1949254355
6058528488
1464649288
1982790347
5872682385
1702378785
972096128
6503439162
997355145
275874860
6258445759
1451992087
5421196625
5421196625
6549284986
1564747075
6654881603
5942091869
5603884293
1279803027
1279803027
5782785779
6490841201
470000013
6068293076
1040798100
5409014966
5210286765
5210286765
6220103552
1497265564
6670177405
5653586429
6308090470
1758522277
1349695085
1496103699
5911658359
6628317718
5362417820
654546069
6169563973
5802685484
1110970626
1719911178
1438495619
5530762616
6149040636
5610422851
5409088573
5492296153
5610422851
1318387665
1359488550
6606784248
5955153291
1145913088
5895606304
5895606304
6629106848
1009915279
1009915279
5120832338
6078625461
5754878787
6376914539
5990767471
293930362
1566333805
150404354
2072428653
5940098141
2019331840
6044150418
5525788938
6339906170
6693078551
5388421322
755714705
6598030533
6350903328
6350903328
6156875478
5598260746
668321301
1023520182
5395350729
5380789715
5380789715
1065011552
5667411089
1408768972
6653814692
5380789715
847222118
1497296496
5239454087
6292150566
6620965163
6236386239
323975270
6142183906
5692250605
1030330241
864747491
5961585037
6157064026
5826083442
5292948999
5250207099
1153273737
835224967
6685503239
5838780290
6597331058
5409524844
6120832024
1116083129
6115898830
6019097071
6019097071
6019621373
75207785
6686860287
1112560579
801838575
6428897903
1282641641
6209556528
596774062
6151756874
6661158895
6111331684
6383490657
282675508
1406758975
2053887423
1926625763
6591447078
5025203619
860625450
6085710316
5949718428
659001753
1447967678
5885975063
1188138093
1188138093
1414984273
1596036042
5712257679
1212625663
1318321747
6139757023
6139757023
6494186887
6007926011
5746837217
5837862341
5837862341
922958118
5684683846
6167419500
1973807997
5093549763
853410020
5133710970
6402091406
5427514545
5455347443
6393978229
1727318107
6066689344
5355009037
6497879552
5355009037
803136512
6266845600
5069726479
6297024783
507643344
6394642220
5981276837
1233217098
6138333896
2050984416
975967598
6281315162
6132131990
6164712527
6618705165
1421711684
1499130323
1117393931
5173589548
1919163578
741164403
1419386755
1207462569
6525104830
5989695329
5772028315
6222655148
6079838155
6653071128
6214788104
6416654213
5975270470
779039120
1182084428
6370034880
5644644910
1017879749
5811284515
1627416671
863070204
501209758
1394960575
6165598864
6476458155
6476458155
553507285
5727412835
1739406372
6372303188
6271792217
6310489293
289830832
6474142538
1866083752
6624176073
6624176073
6078158320
6405757654
894258144
2090897431
6448441481
6341380337
5527207545
217319033
1600611113
1019310241
6415399720
5816385963
1999914723
656707384
1199311785
5086563916
5086563916
1848272893
1085328991
424241899
424241899
5184809388
6574832015
619431334
5808213154
6537170959
6508370293
5862485109
896058733
188911364
6381985585
372701040
6345412259
1977193429
1977193429
232323656
6170384703
2001925611
1597268266
6438424094
2130433167
5081993954
5940020289
5057313332
5879627140
6113671772
5992680566
6571637967
1020109809
5124467030
6245092323
5105299415
6605771397
6605771397
5167366148
5629060769
6553899236
5141319536
6447262314
6210962790
6291280329
6460916913
6578516382
5732655114
5732655114
6553394491
1109840671
1832091884
5897232024
6099090656
5984236784
259750974
317112762
1913905217
1629992347
1589603280
1120286913
1038801727
6058608826
5657071755
6690594065
6021871765
1354075379
1228778390
2032741558
6692169960
5132896416
5132896416
5533242263
5529303289
6265375017
1125267119
6404085990
5095498317
6597430641
5457020765
769290068
1012362088
5958143802
809093699
1278259259
2137093320
6444889015
626452242
1353240323
77303546
1892895690
5555020359
6190328218
1068952969
370786075
6003573048
6003573048
6637856979
5491738824
6504441727
6504441727
6504441727
5152499716
5954693062
1484378125
1935671990
6279315652
6279315652
573220133
1965218768
6645111171
5403324316
1963874296
5099653284
5025763531
6104556308
1797874263
1321338802
1069177231
6183817386
6183817386
5989695774
5398847743
1333567119
6508372899
1832194561
5134826834
904431168
1494085856
6556966599
1755705481
959504578
1558254604
5573426808
795995973
5885141548
415549287
6012377193
5157328123
6083991762
6503467539
6393508302
5927561859
5927561859
6576754223
613331999
613331999
1484194611
5996776214
5996776214
1580987877
5812255320
6177709704
5233275570
655392931
5591059403
56436977
1130687715
1349997439
5640343473
1435048658
6521753659
6521753659
5040614537
5928918712
5458619725
6633114146
995535382
6513065560
46088027
101749976
1973303813
984650490
1193181780
5692169529
5998516544
1808311256
5371231407
2023657457
6904341150
6217055705
830820421
2146677754
2115174255
1825027367
2041693937
5384226001
521002406
179475259
5669221420
6353630415
6502087970
5989346015
5590901026
1984607158
6933210983
1488715968
2110335239
978877017
879295988
1402462110
6472790446
6509319936
884403662
1493017610
5772653154
6841386506
1591972686
796159914
1569362868
2002465980
2095012582
6799663664
864027670
864027670
6771264148
5097302826
187140267
1264598285
6364200058
6896098731
5859263282
6434481369
2012607823
2012607823
5423388108
5384066075
1404041794
359042647
359042647
5763080294
5763080294
649876240
6479634806
2058428180
6235793975
6096107365
5122249831
1572811391
1698755539
1074959679
6230488281
1323913134
6676470787
648506056
6399997520
885546373
5938201001
999010105
999010105
1781983394
746030897
418621730
6223492007
6034560652
2108623250
6389792284
6389792284
6480005226
907516006
5624758519
5624758519
1474214942
5736822138
2026716220
5964074944
5852828686
5534318605
6286902444
6173232110
785580570
5828128383
6962647059
5669988014
6196765204
5020786177
5538318408
5460005246
5349472397
955764872
554936837
5542507168
1486162131
5561562577
1170810497
5671652373
1490777035
6699007015
6112826375
2019571315
6856140331
5414670398
837845155
1388269733
1362040289
5682708380
916121380
5736448511
2137723907
1759422613
6008343455
5824794694
1550415259
5321377449
6384826431
6522413197
1226006843
1874333538
1210323316
6971441957
902986915
902986915
5866463068
5903664043
5520438010
756978120
1046947662
667495033
6852700768
6901751031
6901751031
6560599609
1831188666
5790715610
6530038380
5761493500
1022014666
1145543076
5025165659
1922364530
6079918290
6618273554
1897377793
1268628372
6126836317
700280265
1411322244
5534854206
6124841306
6306098768
6306098768
1228493565
1228493565
5702390845
5424187498
5835222353
696200268
1531922522
6235162860
6786999710
1690573415
1807683515
6383747038
6908276841
5709135025
5730882246
6081656575
1250776122
6753120002
6370675175
6370675175
6690594824
5739245139
6312561941
5211043994
5292900328
1068912832
6539912573
6840419224
6840419224
5740711699
1887061725
5740711699
1989174666
5752189943
5921998932
6926291672
1538848515
5837069304
1419053268
5186902789
6051959007
6581100658
6581100658
1269645357
6870613657
689165278
6575994530
689165278
5038880555
5362979950
6916898362
6916898362
5237188203
6486913787
6486913787
5952999797
5876612278
1280077111
5900094129
215668096
215668096
1256607828
1256607828
5869738642
6809491199
2058796559
215668096
5013634398
31307562
5794441764
1008597666
6308068379
6481189884
6987246009
342180796
6903489323
2061991888
2061991888
2045015296
6672208893
6522933348
1370731975
6633878476
6633878476
6490602779
6432390009
6432390009
6215344149
5452264720
5296903431
5655984368
5655984368
1631386993
5012081472
5224653256
6090208651
5642841909
1483880224
1483880224
5843440340
1641514285
1967765527
6068253599
991759430
1427344217
5599353317
2014302572
6934546699
5859617131
5443586818
6305425815
1261657683
1261657683
6447048645
6447048645
5068591946
156992381
6932710785
6436447568
5323518054
714805979
5877099882
6171440359
6597857513
61357692
5443250095
607568496
6598126038
6598126038
6598126038
6598126038
564781572
1463627352
6245314678
6245314678
6245314678
6245314678
1562336562
1093848854
6414304855
5457206221
858893234
775032482
776179202
5372966353
1375720550
6789361263
1524927462
127943636
6255769426
1104976552
1104976552
2071782055
6080176897
505178705
6135067511
2019371913
2019371913
6973982586
1176404010
6973982586
1076837311
6332626025
6006041894
5222244879
6291106251
6291106251
954090863
5839520187
6100595208
5010605177
5690847047
5690847047
5690847047
5690847047
1583346218
6318816501
6580858789
5168101964
1975735552
6365776201
6854992979
424234372
962474234
6831619153
6863607598
284578326
5734901170
5468020019
6720027749
432364676
6810145989
6656202765
5420208223
5204450284
6420054045
5782165463
1550916268
1671641072
5544266866
6039619051
6016455414
1426254961
6675587077
957362959
6537271504
6415188499
6316117431
6677463894
1378753581
720925811
6155906312
6155906312
6011313602
1766621130
5360360117
6543428147
917044491
6785310265
6907910314
1677268514
5967431329
6159078265
6404279292
5530219074
6314815407
738120170
6900696039
685118336
922730054
6356334567
6469510877
5481814489
6460012336
1437317006
5676965060
1461899652
6914028505
1068005377
1512506951
1590382866
1590382866
1085679036
1085679036
6843413831
667860456
6528495981
6544829858
1385274837
5219230904
5790569318
6751472342
1591305199
5991544579
5991544579
5292322525
6911849212
6352718916
894253476
5887625848
5780528399
1799434983
2055641433
1892464277
1063284176
5877210186
6552659841
1083045111
6884355717
6196102894
6848786141
6597604799
5901921789
1040295027
6337178481
6205955721
978321302
6902060119
2001850683
684451452
6565346412
6069883439
1373289555
5627371338
5288812546
1129212085
6095989919
1236363137
5208693350
6390701303
6623882109
1453131186
2041117269
5336137182
5622649647
866091485
6439541816
6652337749
1052064277
688392436
5988287166
1279295662
6315476172
5186929021
1118772196
5854447020
96056590
1646669551
5896221180
5782089542
339753959
339753959
978352301
66889152
5821107481
5238593680
6798701920
678571030
1368237161
1082094695
5917069775
6198173487
737162858
6659119915
1284797578
5230328070
5758685483
6106148786
6436260286
1482343348
5992894423
5133773828
1267085708
1728140111
5499554474
5014736277
5708027568
6530512542
656373616
6135679046
1197876867
1003293243
6598277484
1038121770
5797581010
6183135027
1270044545
174139738
1044239683
6573861317
6005684576
5801739862
249302714
1711115440
600943455
1488534348
6022476618
1012884218
897708409
859276440
1757648648
1757648648
720498611
6587272573
6584478244
6151836797
6721583754
535505713
6966110057
6966110057
6966110057
6796359981
1266232730
1211678334
2089753255
5275006143
6526460762
6456074944
5984459353
1270647283
5180308623
5647730443
6767409473
6634689652
6124299661
950566390
6695044167
6619737747
6619737747
5803930704
5800484175
5485303717
5850200958
1168196095
6401915769
1354802333
5020982951
6598169974
5258735165
1540117461
5495384965
5980664673
1907496508
6958553795
675748727
6960663616
2108739276
6077439146
1287059346
6626020372
5309886419
